2.164116504113208705e+01
2.731746298034027731e+01
1.556717180256470279e+01
1.466850451606748784e+01
1.489690113379768377e+01
1.836120204933016353e+01
2.052890866772909817e+01
1.532676873549282170e+01
3.265369427403889802e+01
2.660169546049092304e+01
2.389090394286586516e+01
2.306628326743700796e+01
2.303189428921297122e+01
1.677585918593027969e+01
3.387880536061055636e+01
1.460657276485789424e+01
2.222452525441132565e+01
2.703387003340782258e+01
5.934523428606666151e+00
1.800162335047249940e+01
1.692701738567640035e+01
1.271084077388438338e+01
1.604303781407502782e+01
1.334107687817079224e+01
1.182282896174808151e+01
2.453147039872726154e+01
2.922042240237645316e+01
2.687050387991809686e+01
3.192529708117314158e+01
2.372828594766786736e+01
2.449193851355301632e+01
2.110200102872104466e+01
2.579930835422223723e+01
2.919683503507705780e+01
1.712132810518586723e+01
1.868447601184490736e+01
1.765739861923104925e+01
2.138121162985583723e+01
1.817015868575575865e+01
1.997370362634234553e+01
1.435912596655288098e+01
2.291666783345690916e+01
1.816648338763926063e+01
3.214473124924008118e+01
1.949475690140065254e+01
2.027256619497747181e+01
2.620694978273488474e+01
3.118837444211569476e+01
1.854896357349619507e+01
2.311362868423232797e+01
2.229901085093079516e+01
1.582447937471690302e+01
1.554636053794200379e+01
9.727495441009702759e+00
1.938531067268040786e+01
1.766504576869377274e+01
1.936424094582325139e+01
1.172013592144404548e+01
2.015364727812760748e+01
1.336410951059446006e+01
2.823851313467982038e+01
2.338212130689834822e+01
2.330448910439271870e+01
3.416634855427794548e+01
2.473280237170634166e+01
1.856130871339386346e+01
1.090187662848594918e+01
2.053249396322697606e+01
2.288213980318263197e+01
2.398128309351663745e+01
2.575238747263511385e+01
2.325195790324743328e+01
3.365131102121726059e+01
8.831091396756173495e+00
2.266179064397331899e+01
1.583267396479473810e+01
1.933636601237645181e+01
3.177034013445220850e+01
1.106953143358641078e+01
2.048779024247053115e+01
3.220578263455336554e+01
1.368105629586290561e+01
1.207065391502050566e+01
2.725263532195319982e+01
2.324330594244534254e+01
3.753138639917540331e+01
1.185230159544249062e+01
1.939869503618653113e+01
1.037867935607050107e+01
4.541061069879103229e+01
2.373125783130123168e+01
1.406130175211659861e+01
1.493081632544321558e+01
2.359466726396739134e+01
1.232329579939139563e+01
1.617248363752070972e+01
1.537564396363894303e+01
2.169774667897105758e+01
1.905561443177066749e+01
2.592575547166749317e+01
2.319478607167495809e+01
2.057177960484778367e+01
2.191573167076029449e+01
1.728986304504710247e+01
1.873098149024025005e+01
1.980943963623614223e+01
1.762213354195259640e+01
1.682413483405026611e+01
2.245192858916936984e+01
1.813053696767208223e+01
1.853142327027525127e+01
8.517130598118127338e+00
3.057728590469102414e+01
2.065314601812577777e+01
1.931802380806912467e+01
1.803053110077694043e+01
2.076689322728291387e+01
9.604695748034771441e+00
2.011885392464422750e+01
2.620252711781731136e+01
1.933892854122995075e+01
1.693063029798638297e+01
1.556177175366841148e+01
2.297259364152177241e+01
1.448979905065611007e+01
4.107558525232121127e+01
1.411058789647413292e+01
2.391231837519542935e+01
1.952646232844125507e+01
2.145308348721874125e+01
1.575677027823636678e+01
1.835822584960239112e+01
1.978003300143737420e+01
1.053510822466506980e+01
3.447404410575352074e+01
1.458170660936944785e+01
1.991562237419499226e+01
1.699809407190675259e+01
2.296013771559092476e+01
1.157878726397034086e+01
1.755434340571818552e+01
1.170631756904460374e+01
1.908413820780701542e+01
2.611998170109610129e+01
2.713087907463997794e+01
1.381256397545393000e+01
9.276225166485303930e+00
3.053303747445200145e+01
2.076809297670664023e+01
2.085413521906293255e+01
1.640202586031845655e+01
1.393201367316858175e+01
2.801227707141260126e+01
1.513599093375539084e+01
2.461339637189537299e+01
2.170643029196343576e+01
9.997975978376736350e+00
2.153796202589681030e+01
1.908432395960925376e+01
2.440463857377360668e+01
1.578307304391654675e+01
1.633596658317168249e+01
1.261341859015194267e+01
2.047998593212893326e+01
2.531597764760570968e+01
1.123413003694074064e+01
1.833047660347370922e+01
2.173114299711998498e+01
1.422817942757925458e+01
1.210523496705179802e+01
1.798908397624578370e+01
2.590331034690746748e+01
2.167610648959129449e+01
1.989425138513709967e+01
2.835124707153983081e+01
2.655023707987423620e+01
2.780725765184419984e+01
1.196072896517832262e+01
3.024283172669018782e+01
6.338571114750160440e+00
1.790050155668856036e+01
9.035700741476015097e+00
2.464668993249692974e+01
1.788418620997751773e+01
2.846969240973285054e+01
3.165024804792507496e+01
2.790176335967222698e+01
9.256944258320153551e+00
2.785806323533574869e+01
2.980809998392950178e+01
2.127424418621499669e+01
1.617762004020573130e+01
2.591205097247267020e+01
1.872362723546912733e+01
1.794090181685861296e+01
1.792014296218831149e+01
2.518856078996385861e+01
2.000398734893974151e+01
2.518619308744483831e+01
2.534776518330792072e+01
1.023811547766375440e+01
3.244344574851837137e+01
2.841662766934601336e+01
2.069456482687203902e+01
1.451362215599054650e+01
2.332750817577990787e+01
1.019289172863843618e+01
1.267041882998386804e+01
1.982461481485415078e+01
2.905419906498001126e+01
1.772636251808946284e+01
7.543196279936353221e+00
1.273233230396773941e+01
2.792301692006887137e+01
3.459708275066422090e+01
2.302692160935366061e+01
1.154665568554226951e+01
1.968262883310259426e+01
2.047622124468381699e+01
1.678279380331485271e+01
2.272187908819775970e+01
1.158472369497822463e+01
2.168643632271972521e+01
3.498305904856844251e+01
1.846865291870996018e+01
1.856815973328320979e+01
2.009489075222582244e+01
2.556531343927494149e+01
1.381467691480631999e+01
1.473749984214426334e+01
2.415228120441236115e+01
1.685963466098753116e+01
1.474561217175963890e+01
1.947528467715979517e+01
1.725079484174766975e+01
2.015151266628165772e+01
1.972335341147980259e+01
2.478126143600599107e+01
1.001258992903137646e+01
1.299204640321823412e+01
2.985004940266487949e+01
1.567232477678507152e+01
2.778128201718195456e+01
2.359322355132769289e+01
1.888399305988858146e+01
1.356920446701631100e+01
1.665986315939241891e+01
1.263914893312078114e+01
1.299546638890627648e+01
1.638141949574695744e+01
1.511381314412179400e+01
2.034498440830299870e+01
3.097227273787152413e+01
1.754574351565178958e+01
1.480141784921099202e+01
7.878171641060663255e+00
1.662725714267865129e+01
2.258704923735282222e+01
2.285227406975961273e+01
2.686688544310990068e+01
1.592295078100237404e+01
1.204523023957091610e+01
1.001668029419373873e+01
1.777654068272441279e+01
1.720203938695624757e+01
9.767554390547475762e+00
2.424476498726411222e+01
1.107561635127281718e+01
1.399781450115887438e+01
2.643769732276697937e+01
1.079303834136628382e+01
2.165938981150104681e+01
1.996953992578219683e+01
1.808351669973687237e+01
1.866043721007865841e+01
2.098791306618010566e+01
2.566989596843375310e+01
2.321676222557692881e+01
1.345262056307212895e+01
3.429928039950623031e+01
1.678526555998853809e+01
1.976581562707467299e+01
1.649654054709104400e+01
2.773498450119215519e+01
2.005475033585003075e+01
1.740862991802094939e+01
3.042874324830886223e+01
2.165273321850456512e+01
2.352634983231514454e+01
3.457549388460319051e+01
1.955217609720719096e+01
2.350483572431839718e+01
1.379641619045798784e+01
2.579543804738132096e+01
1.494139159979487985e+01
1.803969061843853794e+01
3.099484356747120373e+01
2.177127093835727578e+01
1.523560870867752648e+01
1.783522739410935287e+01
1.147935478430483336e+01
1.229027799052282077e+01
1.124530026197266963e+01
1.409784573144797193e+01
2.223565488484665309e+01
9.989806425593025452e+00
2.161643249183655158e+01
2.336225175662255893e+01
3.485848213163833265e+01
2.549601760783334115e+01
1.637903365566209857e+01
1.977621400121529049e+01
2.971609828491918393e+01
1.309789669842453463e+01
2.283481275051693871e+01
1.207558976298803621e+01
2.640832677437146714e+01
1.526286595762193521e+01
2.259690208253434562e+01
1.653004182132784194e+01
2.617389408760212532e+01
2.341413792258518711e+01
2.775311544799303221e+01
1.399021810230664720e+01
2.293415173707689192e+01
1.282337835287326122e+01
1.574676631474850552e+01
1.956276725266536332e+01
2.696341261652410282e+01
1.845456325970013722e+01
2.007171982842884361e+01
2.679495036002523278e+01
1.761105056715660311e+01
2.464933766715450858e+01
1.700209689498339571e+01
1.286651303333153251e+01
2.030355881476101132e+01
1.981846862950808230e+01
1.220549049088920412e+01
1.313861094735471013e+01
1.744903293688598112e+01
1.844581682120474397e+01
1.688828402512766402e+01
2.051542825797458391e+01
1.916520607159164413e+01
1.911918133951596843e+01
1.683545309567644566e+01
1.483354885574470927e+01
1.469354181942012083e+01
2.115336050611680818e+01
1.344549463757208407e+01
1.950407335731343395e+01
2.024531698112915379e+01
1.709399166731824948e+01
1.704938501782453031e+01
2.003379066229209116e+01
1.683471302118626411e+01
2.525178729999073823e+01
3.011431094562395572e+01
2.356872613077056045e+01
2.355658130503671899e+01
1.851997052684406952e+01
1.300605836382439406e+01
1.695290556316832564e+01
1.370859884856805166e+01
2.451489722290515516e+01
2.059737964046958325e+01
1.801203943169426580e+01
1.849239199961653313e+01
2.049040002322601239e+01
1.189171721326893838e+01
9.742953412697234583e+00
1.697560932685024326e+01
1.549743412486747296e+01
1.444987754477051745e+01
2.381683076303049162e+01
2.189504199429433484e+01
2.711643539982978268e+01
1.608180750402769021e+01
2.307329603824391739e+01
2.437562544672540454e+01
1.430668642867825824e+01
2.230403666762630976e+01
2.045227117591400656e+01
2.486545168869566069e+01
1.831333522350713849e+01
1.439741278063679353e+01
2.213102084252023971e+01
2.854676313464221593e+01
1.240550832578955642e+01
1.388229087787153659e+01
4.183889501046087389e+01
1.534383903832094020e+01
2.006414784692492859e+01
2.207561644111517651e+01
1.132210029930229034e+01
2.188048550328248609e+01
1.533999688749094759e+01
1.689234074090525439e+01
2.657766514504382371e+01
2.805556671113049916e+01
1.681587230697664026e+01
2.692955413546632570e+01
2.275184168575586341e+01
3.246352882776008641e+01
1.874578258445784584e+01
1.447872670300672127e+01
1.315849347066283137e+01
2.442950571602977305e+01
1.760192277918083192e+01
1.121462246229526727e+01
2.690381250738889918e+01
1.899818236928895843e+01
2.971802684148900653e+01
2.318814999176424507e+01
1.045767647573239145e+01
1.367835809983140116e+01
2.247836520490477952e+01
2.269489648534199944e+01
9.530679568020435255e+00
1.643952418943093718e+01
2.348486347389721018e+01
2.204548739525298373e+01
1.693332220690417955e+01
1.995075905923457071e+01
2.131439018176146050e+01
1.218649443280547295e+01
9.137436230241846147e+00
1.425140522363153650e+01
1.407355790098737280e+01
3.094112519110707282e+01
1.472487182589589771e+01
2.902821492387007396e+01
2.582001009274775072e+01
1.924030663312491640e+01
2.667484986885310860e+01
1.713995871328484810e+01
2.569435107605429280e+01
2.270019975735133144e+01
1.924753903011049516e+01
1.621039866930362905e+01
1.592800319406477882e+01
9.513725402776527673e+00
1.297520789835218480e+01
1.644225030499647389e+01
2.181616268278110482e+01
2.093339370797884413e+01
1.986794835885823929e+01
1.853622426162105796e+01
2.493985391182995670e+01
2.355243108120960471e+01
1.093003039275090238e+01
3.525180623034100336e+01
1.798898421399225001e+01
8.503070916315934369e+00
1.923977581957360172e+01
1.314307409645550351e+01
2.271384718138327585e+01
2.122850966213087531e+01
1.975869197633463159e+01
1.655166621763827806e+01
2.440124130421880011e+01
1.741252965012692044e+01
1.868647472205976712e+01
1.117606497371754060e+01
2.944979746348537830e+01
2.421261470116249725e+01
1.006021752186800455e+01
1.716040590091625617e+01
1.737051288924616088e+01
1.848447302145784477e+01
1.257456214246708193e+01
2.021133966344731903e+01
1.817731350590917572e+01
2.659359673229933563e+01
1.958691910144081305e+01
2.250738279436023603e+01
2.150887937085208890e+01
2.000531884069604516e+01
1.648984818454608003e+01
1.560155770657035745e+01
2.377575925821661684e+01
1.704781671518937358e+01
2.631307110207766442e+01
1.795958590971564561e+01
2.002254382455276271e+01
1.904192196212827781e+01
2.996021793029039415e+01
2.051843901780070922e+01
2.528791949482319978e+01
3.025627362250333974e+01
1.787945542105367736e+01
1.448276408187926023e+01
1.824406442426817065e+01
2.800450141826706485e+01
2.685668204248289470e+01
2.254025045701386532e+01
1.726016309904717261e+01
1.429098195011414418e+01
1.597389784664873957e+01
